17 10 60 60 maps/test2.txt

01 01 01 01 81 02 01 01 01 01 01 01 01 01 01 01 01 
01 01 01 01 01 02 01 01 01 01 01 01 01 61 01 01 01
01 01 01 01 01 02 01 01 01 01 01 01 01 01 01 01 01 
01 01 01 01 01 02 01 01 01 01 01 01 01 62 01 01 01 
01 01 01 01 01 02 01 01 01 01 01 01 01 01 01 01 01
01 01 01 01 01 02 01 01 01 01 01 01 01 63 01 01 01 
01 01 01 01 01 02 02 02 02 01 01 01 01 01 01 01 01 
01 01 01 01 01 01 01 01 01 01 01 01 01 64 01 01 01
01 01 01 01 01 01 01 01 01 01 01 01 01 01 01 01 01
01 01 01 01 01 05 01 01 01 01 01 01 01 01 01 01 01